0.051944 1.002698 1.358857 
0.456833 1.208697 1.310333 
-0.467371 1.218436 1.421095 
0.566968 1.321453 1.297133 
-0.063912 1.004085 1.372742 
-0.606005 1.367242 1.437710 
-0.105646 1.011161 1.377744 
0.456880 1.208739 1.310327 
0.932186 1.868971 1.253363 
0.513682 1.263869 1.303520 
-0.067886 1.004609 1.373218 
0.737933 1.544545 1.276644 
-0.731921 1.535709 1.452800 
0.692105 1.479010 1.282136 
-0.963825 1.928958 1.480593 
0.881710 1.777412 1.259413 
0.340164 1.115712 1.324315 
0.599943 1.359932 1.293182 
-0.713566 1.509177 1.450601 
0.220921 1.048806 1.338606 
0.816565 1.666779 1.267220 
0.548829 1.301214 1.299307 
-0.267871 1.071755 1.397186 
0.888576 1.789567 1.258590 
0.769643 1.592351 1.272844 
-0.109658 1.012025 1.378225 
-0.673943 1.454199 1.445852 
-0.150365 1.022610 1.383103 
-0.040292 1.001623 1.369911 
-0.937743 1.879363 1.477467 
0.216860 1.047028 1.339093 
0.584522 1.341666 1.295030 
-0.635006 1.403233 1.441186 
0.050243 1.002524 1.359061 
0.797518 1.636034 1.269503 
-0.382420 1.146245 1.410914 
0.885252 1.783671 1.258988 
-0.223951 1.050154 1.391922 
0.861025 1.741363 1.261892 
0.822768 1.676948 1.266477 
-0.324563 1.105341 1.403980 
0.065625 1.004307 1.357218 
0.404155 1.163341 1.316646 
0.942021 1.887404 1.252185 
0.536170 1.287479 1.300824 
0.503883 1.253898 1.304694 
-0.818272 1.669569 1.463149 
0.707933 1.501170 1.280239 
-0.650711 1.423425 1.443068 
-0.960459 1.922482 1.480190 
-0.161893 1.026209 1.384485 
-0.407260 1.165861 1.413891 
-0.243535 1.059309 1.394269 
-0.162567 1.026428 1.384566 
-0.723104 1.522879 1.451744 
-0.238307 1.056790 1.393643 
-0.400440 1.160352 1.413074 
-0.957976 1.917718 1.479892 
-0.522395 1.272896 1.427690 
-0.925781 1.857071 1.476034 
-0.557882 1.311232 1.431943 
0.050869 1.002588 1.358986 
-0.010950 1.000120 1.366395 
0.765044 1.585292 1.273395 
0.547660 1.299932 1.299447 
-0.881995 1.777915 1.470786 
-0.760397 1.578204 1.456213 
0.095603 1.009140 1.353625 
-0.316169 1.099963 1.402974 
-0.086376 1.007461 1.375434 
0.176243 1.031062 1.343960 
0.170300 1.029002 1.344673 
-0.860146 1.739851 1.468168 
0.637863 1.406869 1.288637 
-0.193679 1.037511 1.388294 
0.170966 1.029229 1.344593 
-0.617678 1.381526 1.439109 
0.784554 1.615526 1.271057 
-0.647336 1.419044 1.442663 
-0.584593 1.341749 1.435144 
-0.768504 1.590599 1.457185 
-0.682171 1.465357 1.446838 
0.985288 1.970793 1.246999 
0.363142 1.131872 1.321561 
0.623592 1.388867 1.290347 
0.284430 1.080901 1.330995 
-0.341315 1.116496 1.405988 
0.475107 1.225726 1.308143 
0.646965 1.418564 1.287546 
0.442522 1.195826 1.312048 
0.315965 1.099834 1.327215 
-0.282451 1.079779 1.398933 
0.220730 1.048722 1.338629 
-0.169993 1.028898 1.385455 
0.629908 1.396785 1.289590 
0.547931 1.300228 1.299415 
-0.451378 1.203743 1.419178 
-0.910516 1.829039 1.474204 
0.202082 1.040837 1.340864 
0.028182 1.000794 1.361705 
