0.051944 1.001669 1.002698
0.456833 1.210005 1.208697
-0.467371 1.217485 1.218436
0.566968 1.323335 1.321453
-0.063912 1.002044 1.004085
-0.606005 1.369492 1.367242
-0.105646 1.008786 1.011161
0.456880 1.210048 1.208739
0.932186 1.863701 1.868971
0.513682 1.265471 1.263869
-0.067886 1.002534 1.004609
0.737933 1.546574 1.544545
-0.731921 1.540493 1.535709
0.692105 1.481243 1.479010
-0.963825 1.925658 1.928958
0.881710 1.775560 1.777412
0.340164 1.116481 1.115712
0.599943 1.361972 1.359932
-0.713566 1.513717 1.509177
0.220921 1.048988 1.048806
0.816565 1.667505 1.666779
0.548829 1.303001 1.301214
-0.267871 1.068768 1.071755
0.888576 1.787334 1.789567
0.769643 1.594032 1.592351
-0.109658 1.009620 1.012025
-0.673943 1.458025 1.454199
-0.150365 1.019933 1.022610
-0.040292 0.999785 1.001623
-0.937743 1.878558 1.879363
0.216860 1.047187 1.047028
0.584522 1.343635 1.341666
-0.635006 1.406188 1.403233
0.050243 1.001480 1.002524
0.797518 1.637223 1.636034
-0.382420 1.143980 1.146245
0.885252 1.781625 1.783671
-0.223951 1.047180 1.050154
0.861025 1.740523 1.741363
0.822768 1.677499 1.676948
-0.324563 1.102564 1.105341
0.065625 1.003393 1.004307
0.404155 1.164399 1.163341
0.942021 1.881286 1.887404
0.536170 1.289199 1.287479
0.503883 1.255448 1.253898
-0.818272 1.674320 1.669569
0.707933 1.503364 1.501170
-0.650711 1.426745 1.423425
-0.960459 1.919535 1.922482
-0.161893 1.023467 1.026209
-0.407260 1.163912 1.165861
-0.243535 1.056312 1.059309
-0.162567 1.023682 1.026428
-0.723104 1.527555 1.522879
-0.238307 1.053797 1.056790
-0.400440 1.158311 1.160352
-0.957976 1.915027 1.917718
-0.522395 1.273111 1.272896
-0.925781 1.857230 1.857071
-0.557882 1.312290 1.311232
0.050869 1.001549 1.002588
-0.010950 0.998540 1.000120
0.765044 1.587037 1.585292
0.547660 1.301713 1.299932
-0.881995 1.780748 1.777915
-0.760397 1.583220 1.578204
0.095603 1.008470 1.009140
-0.316169 1.097137 1.099963
-0.086376 1.005235 1.007461
0.176243 1.030973 1.031062
0.170300 1.028875 1.029002
-0.860146 1.743575 1.739851
0.637863 1.409052 1.406869
-0.193679 1.034623 1.037511
0.170966 1.029107 1.029229
-0.617678 1.384063 1.381526
0.784554 1.616968 1.615526
-0.647336 1.422287 1.419044
-0.584593 1.343466 1.341749
-0.768504 1.595643 1.590599
-0.682171 1.469349 1.465357
0.985288 1.960101 1.970793
0.363142 1.132744 1.131872
0.623592 1.391003 1.388867
0.284430 1.081413 1.080901
-0.341315 1.113835 1.116496
0.475107 1.227127 1.225726
0.646965 1.420770 1.418564
0.442522 1.197064 1.195826
0.315965 1.100494 1.099834
-0.282451 1.076820 1.079779
0.220730 1.048903 1.048722
-0.169993 1.026113 1.028898
0.629908 1.398942 1.396785
0.547931 1.302012 1.300228
-0.451378 1.202495 1.203743
-0.910516 1.830277 1.829039
0.202082 1.040910 1.040837
0.028182 0.999559 1.000794
